Mery_skin_lf_middle01,0.99749274,-0.0,-0.07076884,0.0,1.0,-0.0,0.07076884,0.0,0.99749274,5.85072213,-0.0,0.0
Mery_sk_cn_back1,0.0,1.0,0.0,-1.0,0.0,0.0,0.0,0.0,1.0,0.0,89.36065672,2.9243227
Mery_skin_lf_middle03,0.9894351,0.14497648,0.0,-0.14497648,0.9894351,0.0,0.0,-0.0,1.0,3.07236909,-0.0,-0.0
Mery_skin_lf_middle02,0.97485799,-0.22282705,-0.0,0.22282705,0.97485799,0.0,0.0,-0.0,1.0,6.13385523,0.0,0.0
Mery_sk_cn_preview_04_hair_End,1.0,0.0,-0.0,0.0,1.0,-0.0,0.0,0.0,1.0,0.0,-0.0,2.50186009
Mery_sk_up_lf_lip07,0.99711072,0.07381119,0.01794783,-0.07361262,0.99722078,-0.01148433,-0.01874562,0.01012996,0.99977297,2.9392257,141.43410427,11.11324024
Mery_sk_cn_eyelids_system_root,1.0,0.0,0.0,0.0,1.0,0.0,0.0,0.0,1.0,0.0,142.93243954,-1.14374221
Mery_sk_lf_uparm_twistEnd,1.0,0.0,0.0,-0.0,1.0,-0.0,0.0,0.0,1.0,4.15122725,-0.0,-0.000131
Mery_sk_cn_preview_05_hair_End,1.0,-0.0,0.0,0.0,1.0,-0.0,0.0,0.0,1.0,-0.0,-0.0,2.24402223
Mery_sk_rg_armEnd,-1.0,0.0,-4.56e-06,0.0,1.0,0.0,4.56e-06,0.0,-1.0,22.00125504,-0.0,-0.0
Mery_sk_rg_ringEnd,1.0,0.0,0.0,-0.0,1.0,-0.0,0.0,0.0,1.0,-3.09901776,-0.00035402,-5.092e-05
Mery_skin_lf_foot,1.0,0.0,0.0,0.0,1.0,0.0,0.0,0.0,1.0,7.98403967,6.83506971,0.88674332
Mery_sk_lf_lowarm,1.0,0.0,1.6e-07,0.0,1.0,0.0,-1.6e-07,0.0,1.0,20.75613623,-0.0,-0.000131
Mery_sk_up_cn_lip_control,0.96679057,-0.25322406,-0.03454802,0.25330199,0.96738481,-0.00217469,0.03397192,-0.00664861,0.99940067,-0.05851142,142.04605923,12.65890164
Mery_sk_cn_head_lattice_dw,1.0,0.0,0.0,0.0,1.0,0.0,0.0,0.0,1.0,30.0,147.40329067,0.0
Mery_sk_cn_tongue1,-0.10124287,0.47093877,0.87633701,-0.11268051,0.86976669,-0.48042585,-0.9884599,-0.1473858,-0.03499206,0.68543632,140.59354622,0.16696792
Mery_sk_dw_lf_lip01_control,0.96679057,-0.25322406,-0.03454802,0.25330199,0.96738481,-0.00217469,0.03397192,-0.00664861,0.99940067,1.35678445,141.51139168,12.15726375
Mery_sk_cn_tongue3,0.89964649,-0.43661905,0.0,0.43661905,0.89964649,-0.0,0.0,0.0,1.0,3.09794529,0.0,-0.0
Mery_sk_cn_tongue2,0.98036719,-0.19718057,0.0,0.19718057,0.98036719,-0.0,0.0,0.0,1.0,2.96916333,0.0,0.0
Mery_sk_cn_tongue5,0.0,-0.0,-1.0,-0.26061369,0.96544316,-0.0,0.96544316,0.26061369,-0.0,2.3983451,-0.0,0.0
Mery_sk_cn_preview_hair_root,1.0,0.0,0.0,0.0,1.0,0.0,0.0,0.0,1.0,0.0,142.93243954,-1.14374221
Mery_skin_lf_lowleg_twist3,1.0,0.0,0.0,0.0,1.0,-0.0,0.0,-0.0,1.0,8.29103619,-0.0,-0.0
Mery_sk_rg_upleg_nonrollEnd,1.1e-07,1.0,-5.47e-06,-1.0,1.1e-07,5.47e-06,5.47e-06,5.47e-06,1.0,37.18333306,-0.0,0.0
Mery_sk_rg_leg_control6,1.0,0.0,5e-08,0.0,1.0,0.0,-5e-08,0.0,1.0,-7.98403839,20.65346336,0.88681109
Mery_sk_rg_leg_control7,1.0,-2.43e-06,6.04e-06,2.43e-06,1.0,9e-08,-6.04e-06,-9e-08,1.0,0.0,0.0,0.0
Mery_sk_rg_leg_control4,1.0,0.0,5e-08,0.0,1.0,0.0,-5e-08,0.0,1.0,-7.98403585,48.29025064,0.88694663
Mery_sk_rg_leg_control5,1.0,0.0,5e-08,0.0,1.0,0.0,-5e-08,0.0,1.0,-7.98403712,34.471857,0.88687886
Mery_sk_rg_leg_control2,1.0,0.0,5e-08,0.0,1.0,0.0,-5e-08,0.0,1.0,-7.98403846,73.07913935,0.88681109
Mery_sk_rg_leg_control3,1.0,0.0,5e-08,0.0,1.0,0.0,-5e-08,0.0,1.0,-7.98403715,60.684695,0.88687886
Mery_sk_rg_leg_control1,-2.6e-06,1.0,5.8e-07,-1.0,-2.6e-06,5.36e-06,5.36e-06,-5.8e-07,1.0,0.0,-0.0,-0.0
Mery_sk_lf_uparm_nonrollEnd,1.0,0.0,0.0,0.0,1.0,-0.0,0.0,0.0,1.0,20.75613623,-0.0,-0.000131
Mery_sk_dw_lf_lip08,0.99711072,0.07381119,0.01794783,-0.07361262,0.99722078,-0.01148433,-0.01874562,0.01012996,0.99977297,3.07942704,141.05686738,10.7394828
Mery_sk_rg_lowarm,1.0,-0.0,-1.083e-05,0.0,1.0,0.0,1.083e-05,-0.0,1.0,20.75613623,-0.0,0.0
Mery_skin_rg_up_eyelid02,0.97107559,-0.0,-0.23877229,-6.357e-05,0.99999996,-0.00025854,0.23877228,0.00026624,0.97107555,0.0,0.0,0.0
Mery_sk_cn_backEnd,0.0,-1.0,0.0,1.0,0.0,0.0,0.0,0.0,1.0,3.42424064,0.0,0.0
Mery_sk_lf_lowleg_auxEnd,9e-08,1.0,4.9e-06,-1.0,9e-08,-4.9e-06,-4.9e-06,-4.9e-06,1.0,4.125,-0.0,-0.0
Mery_skin_lf_clavicle,1.0,0.0,0.0,0.0,1.0,0.0,0.0,0.0,1.0,1.930799,127.12949916,1.6415716
Mery_sk_dw_lf_lip02,0.99364009,0.10948401,0.02631787,-0.10904692,0.99388237,-0.0175104,-0.02807398,0.01452915,0.99950025,1.00514545,141.68944918,12.5673146
Mery_sk_dw_lf_lip03,0.9952276,0.09485357,0.02290914,-0.09452558,0.9954094,-0.0150013,-0.0242269,0.01276421,0.999625,1.386522,141.64627312,12.39800919
Mery_sk_dw_lf_lip01,0.9924025,0.11964755,0.02866611,-0.11912541,0.99269192,-0.01928434,-0.03076394,0.01572296,0.99940301,0.59743356,141.69122447,12.63840558
Mery_sk_dw_lf_lip06,0.99711072,0.07381119,0.01794783,-0.07361262,0.99722078,-0.01148433,-0.01874562,0.01012996,0.99977297,2.48903373,141.18772524,11.32825388
Mery_skin_lf_pinky01,0.99738107,0.07121887,-0.01260438,-0.07183798,0.99569993,-0.05848896,0.00838466,0.05924125,0.99820848,5.58293248,0.0,0.0
Mery_sk_dw_lf_lip04,0.99596934,0.08717558,0.02110685,-0.08689857,0.99612288,-0.01370549,-0.0222198,0.0118161,0.99968328,1.76045486,141.52804586,12.1151871
Mery_sk_dw_lf_lip05,0.99685562,0.07700013,0.01870415,-0.07678403,0.99697541,-0.01201038,-0.01957238,0.01053643,0.99975292,2.10813461,141.35066331,11.75503956
Mery_skin_rg_dw_eyelid,0.97694608,0.20306554,0.06588425,-0.21268147,0.95252702,0.21785057,-0.01851858,-0.22684062,0.97375582,-4.214,149.945,4.762
Mery_skin_rg_ear,1.0,0.0,0.0,0.0,1.0,0.0,0.0,0.0,1.0,-9.269,147.7473862,-2.01706348
Mery_sk_up_lf_lip05,0.99756987,0.06769314,0.01649238,-0.06752613,0.99766244,-0.01048204,-0.01716339,0.0093429,0.99980905,2.15330466,141.74878464,11.96373734
Mery_sk_cn_headEnd,0.0,-1.0,-0.0,1.0,0.0,-0.0,0.0,0.0,1.0,16.5,0.0,0.0
Mery_sk_cn_preview_07_hair_04,0.95682491,0.29059624,-0.00631766,-0.28736668,0.94247914,-0.17074382,-0.04366325,0.16518743,0.9852952,-9.61767512,144.5455929,-0.3203626
Mery_sk_lf_upleg_nonrollEnd,-1.1e-07,1.0,-5.47e-06,-1.0,-1.1e-07,5.47e-06,5.47e-06,5.47e-06,1.0,37.18333306,-0.0,0.0
Mery_sk_lf_uparm_nonroll,1.0,0.0,0.0,0.0,1.0,0.0,0.0,0.0,1.0,13.39243654,128.51411507,-2.97741178
Mery_skin_lf_index03,0.99049363,0.13755862,0.0,-0.13755862,0.99049363,-0.0,0.0,0.0,1.0,2.57625411,-0.00569837,-0.0
Mery_skin_rg_thumb01,0.65529011,0.20504219,-0.58185267,-0.1999451,-0.73243172,-0.48328634,-0.58362385,0.48114595,-0.48773121,-57.56109448,127.9050572,-0.65494925
Mery_sk_up_rg_lip08,0.99711072,0.07381119,0.01794783,-0.07361262,0.99722078,-0.01148433,-0.01874562,0.01012996,0.99977297,-2.96594489,142.36324998,11.1206342
Mery_sk_lf_handEnd,1.0,0.0,0.0,-0.0,1.0,0.0,0.0,0.0,1.0,8.25,-0.0,0.000131
Mery_sk_cn_preview_05_hair_01,0.46460003,0.83471374,0.29563453,-0.81134562,0.53501462,-0.23553693,-0.35477471,-0.13043131,0.92580915,-6.56973392,161.13304082,2.84835637
Mery_skin_lf_ring02,0.98879826,-0.14925819,-0.0,0.14925819,0.98879826,-0.0,-0.0,0.0,1.0,5.44680916,0.0,-0.0
Mery_sk_rg_upleg,-2.6e-06,-1.0,5.36e-06,1.0,-2.6e-06,-5.3e-07,5.3e-07,5.36e-06,1.0,-7.98403976,85.4735837,0.88674332
Mery_sk_cn_preview_08_hair_05,0.20494443,-0.97797152,-0.03961685,-0.56107015,-0.08422004,-0.82347269,0.8019963,0.19099397,-0.56597105,-10.82568586,152.20763283,-5.69754679
Mery_sk_lf_lowleg_twistEnd,9e-08,1.0,4.9e-06,-1.0,9e-08,-4.9e-06,-4.9e-06,-4.9e-06,1.0,8.29103619,-0.0,0.0
Mery_skin_lf_middle_base,0.8925874,0.10149786,0.05464307,-0.1013082,0.89425843,-0.00620196,-0.0549939,-0.0,0.89831822,58.60607018,128.12388995,-2.20894731
Mery_skin_lf_ring03,0.99380212,0.1111636,0.0,-0.1111636,0.99380212,0.0,0.0,0.0,1.0,2.69157168,0.0,0.0
Mery_skin_rg_lowarm_twist3,1.0,-0.0,-6.75e-06,-0.0,1.0,0.0,1.149e-05,0.0,1.0,5.74025062,-0.0,0.0
Mery_skin_lf_ring01,0.99596705,0.01841458,-0.08780969,-0.02932196,0.99177439,-0.12459443,0.08479305,0.1266667,0.98831457,5.73326836,0.0,-0.00368845
Mery_sk_lf_cornerlip,0.99711072,0.07381119,0.01794783,-0.07361262,0.99722078,-0.01148433,-0.01874562,0.01012996,0.99977297,3.25684538,141.10457894,10.64246563
Mery_sk_cn_head_lattice_up,1.0,0.0,0.0,0.0,1.0,0.0,0.0,0.0,1.0,30.0,147.40329067,0.0
Mery_sk_lf_upleg_twistEnd,-1.1e-07,1.0,-5.47e-06,-1.0,-1.1e-07,5.47e-06,5.47e-06,5.47e-06,1.0,7.43666661,-0.0,-0.0
Mery_sk_rg_indexEnd,1.0,0.0,-0.0,-0.0,1.0,3e-08,-0.0,-3e-08,1.0,-2.7360148,-0.00064397,0.00010549
Mery_sk_up_lf_lip02,0.99892975,0.04492031,0.01102365,-0.04484675,0.99897052,-0.00683137,-0.01131917,0.00632968,0.9999159,0.67158713,141.98371666,12.7555968
Mery_sk_lf_lowleg_nonroll,9e-08,-1.0,-4.9e-06,1.0,9e-08,-4.94e-06,4.94e-06,-4.9e-06,1.0,7.98403967,6.83506971,0.88674332
Mery_sk_cn_preview_02_hair_04,0.9514499,-0.30170349,-0.06097611,0.30143622,0.95338712,-0.01375548,0.06228391,-0.00529275,0.99804444,9.32066902,144.63815224,-0.31410745
Mery_sk_cn_preview_02_hair_03,0.9797282,-0.19044667,-0.06215083,0.19040319,0.98168327,-0.0066763,0.06228391,-0.00529275,0.99804444,9.93553361,147.80827917,-0.33566708
Mery_sk_cn_preview_02_hair_02,0.9962122,-0.06046671,-0.06249023,0.06067921,0.99815618,0.0015066,0.06228391,-0.00529275,0.99804444,10.13148358,151.03160167,-0.33080185
Mery_sk_cn_preview_02_hair_01,0.99704703,0.04533815,-0.06198124,-0.04492143,0.99895768,0.00810096,0.06228391,-0.00529275,0.99804444,9.98641984,154.25751242,-0.3046416
Mery_sk_up_lf_lip03,0.99834639,0.05583912,0.01365579,-0.05572547,0.99840938,-0.008566,-0.01411238,0.00779086,0.99987006,1.2209149,141.9102635,12.55625213
Mery_sk_cn_preview_08_hair_04,0.09485981,-0.98709097,-0.12904664,-0.57938499,0.05067029,-0.81347745,0.80951507,0.151934,-0.56709911,-11.23550453,156.47211879,-5.14003223
Mery_sk_cn_chestEnd,0.0,-1.0,0.0,1.0,0.0,0.0,0.0,0.0,1.0,16.5,0.0,0.0
Mery_sk_dw_cn_lip,0.99184718,0.12393522,0.02965188,-0.12337491,0.99215776,-0.02004032,-0.03190304,0.01621864,0.99935937,0.148666,141.72396123,12.64535707
Mery_skin_rg_uparm_twist1,-1.0,0.0,-6.31e-06,0.0,1.0,0.0,6.31e-06,0.0,-1.0,-13.39243654,128.51411507,-2.97741178
Mery_sk_dw_rg_lip01_control,0.96679057,-0.25322406,-0.03454802,0.25330199,0.96738481,-0.00217469,0.03397192,-0.00664861,0.99940067,-1.81960377,142.34296588,12.13809888
Mery_sk_up_rg_lip01_control,0.96679057,-0.25322406,-0.03454802,0.25330199,0.96738481,-0.00217469,0.03397192,-0.00664861,0.99940067,-1.07484924,142.37535647,12.53321069
Mery_sk_cn_preview_03_hair_04,0.10252414,0.34317698,-0.93365859,0.31301003,0.87979516,0.35775018,0.94419994,-0.32892253,-0.0172176,-0.75451967,154.99697557,11.3531757
Mery_sk_dw_cn_lip_control,0.96679057,-0.25322406,-0.03454802,0.25330199,0.96738481,-0.00217469,0.03397192,-0.00664861,0.99940067,0.2480722,141.30062044,12.32904999
Mery_sk_cn_preview_03_hair_02,0.70134147,-0.09922828,-0.70588518,0.48021511,0.79760028,0.36500307,0.52679559,-0.59496852,0.60704107,-6.05589901,159.48981541,8.0177084
Mery_sk_cn_preview_03_hair_03,0.38333501,0.1834505,-0.90520726,0.44396048,0.82282609,0.35476235,0.80990948,-0.53786907,0.23397327,-3.96662492,157.13016714,10.42523648
Mery_sk_cn_preview_03_hair_01,0.86652653,-0.36680466,-0.33850572,0.48021511,0.79760028,0.36500307,0.13610743,-0.4788404,0.86728694,-6.59570178,161.38889897,4.57804385
Mery_sk_lf_leg_control3,1.0,0.0,-4e-08,0.0,1.0,0.0,4e-08,0.0,1.0,7.98403715,60.684695,0.88687886
Mery_sk_lf_leg_control2,1.0,0.0,-4e-08,0.0,1.0,0.0,4e-08,0.0,1.0,7.98403846,73.07913935,0.88681109
Mery_sk_lf_leg_control1,-1.81e-06,1.0,3.2e-07,-1.0,-1.81e-06,6.48e-06,6.48e-06,-3.2e-07,1.0,-0.0,0.0,0.0
Mery_skin_cn_back2,1.0,0.0,0.0,-0.0,1.0,-0.0,0.0,0.0,1.0,3.42424064,0.0,0.0
Mery_skin_lf_upleg_twist5,1.0,-0.0,-0.0,0.0,1.0,0.0,-0.0,0.0,1.0,7.43666661,0.0,-0.0
Mery_skin_lf_upleg_twist4,1.0,-0.0,-0.0,0.0,1.0,-0.0,-0.0,0.0,1.0,7.43666661,-0.0,-0.0
Mery_sk_lf_leg_control5,1.0,0.0,-4e-08,0.0,1.0,0.0,4e-08,0.0,1.0,7.98403713,34.471857,0.88687886
Mery_skin_cn_back6,1.0,0.0,0.0,0.0,1.0,0.0,0.0,0.0,1.0,3.42424064,0.0,0.0
Mery_sk_lf_arm_control5,1.0,0.0,1.37e-06,0.0,1.0,0.0,-1.37e-06,0.0,1.0,41.48232445,128.51411507,-2.97749928
Mery_sk_lf_arm_control4,1.0,0.0,0.0,0.0,1.0,0.0,0.0,0.0,1.0,34.14857277,128.51411507,-2.97754278
Mery_sk_lf_arm_control7,1.0,0.0,-6e-08,0.0,1.0,0.0,6e-08,0.0,1.0,-0.0,0.0,0.0
Mery_sk_lf_arm_control6,1.0,0.0,1.37e-06,0.0,1.0,0.0,-1.37e-06,0.0,1.0,48.81607613,128.51411507,-2.97745579
Mery_sk_lf_arm_control1,1.0,0.0,9e-08,0.0,1.0,0.0,-9e-08,0.0,1.0,0.0,0.0,0.0
Mery_sk_rg_lowleg_auxEnd,-9e-08,1.0,4.9e-06,-1.0,-9e-08,-4.9e-06,-4.9e-06,-4.9e-06,1.0,4.125,-0.0,0.0
Mery_sk_lf_arm_control3,1.0,0.0,0.0,0.0,1.0,0.0,0.0,0.0,1.0,27.2298607,128.51411507,-2.97749911
Mery_sk_lf_arm_control2,1.0,0.0,0.0,0.0,1.0,0.0,0.0,0.0,1.0,20.31114862,128.51411507,-2.97745544
Mery_sk_lf_lowarm_aux02,1.0,0.0,0.0,0.0,1.0,0.0,0.0,0.0,1.0,4.125,-0.0,0.0
Mery_sk_lf_lowarm_aux01,1.0,0.0,1.588e-05,0.0,1.0,0.0,-1.588e-05,0.0,1.0,56.14982781,128.51411507,-2.97741221
Mery_sk_lf_lowarm_auxEnd,1.0,0.0,-1.588e-05,0.0,1.0,0.0,1.588e-05,-0.0,1.0,4.125,-0.0,0.0
Mery_sk_cn_preview_09_hair_End,1.0,0.0,-0.0,-0.0,1.0,0.0,0.0,-0.0,1.0,-0.0,-3.11623041,0.0
Mery_sk_rg_lowarm_auxEnd,-1.0,0.0,-1.588e-05,-0.0,1.0,0.0,1.588e-05,0.0,-1.0,4.125,0.0,-0.0
Mery_sk_rg_thumbEnd,1.0,0.0,-0.0,-0.0,1.0,-0.0,0.0,0.0,1.0,-4.05567291,-0.00053249,0.00043562
Mery_sk_rg_lowarm_nonrollEnd,-1.0,0.0,-1.588e-05,-0.0,1.0,0.0,1.588e-05,0.0,-1.0,8.25,0.0,-0.0
Mery_skin_rg_foot,1.0,0.0,0.0,0.0,1.0,0.0,0.0,0.0,1.0,-7.98403967,6.83506971,0.88674332
Mery_sk_cn_neck1,0.0,0.98033757,0.19732778,-1.0,0.0,-0.0,-0.0,-0.19732778,0.98033757,0.0,133.36243954,-3.07004487
Mery_sk_lf_upleg,-1.81e-06,-1.0,6.48e-06,1.0,-1.81e-06,-3.6e-07,3.6e-07,6.48e-06,1.0,7.98403976,85.4735837,0.88674332
Mery_sk_dw_lf_lip02_control,0.96679057,-0.25322406,-0.03454802,0.25330199,0.96738481,-0.00217469,0.03397192,-0.00664861,0.99940067,2.32510967,140.85548896,11.19147673
Mery_sk_cn_mouthcenter,0.0,-1.0,-0.0,1.0,0.0,-0.0,0.0,0.0,1.0,0.0,0.0,0.0
Mery_sk_cn_preview_09_hair_01,0.99734399,0.07213829,-0.01005127,0.00113671,0.12256722,0.99245956,0.07282629,-0.98983501,0.12215968,-1.39817421,160.47077825,-12.9547182
Mery_sk_rg_handEnd,-1.0,-0.0,4.56e-06,-0.0,1.0,-0.0,-4.56e-06,0.0,-1.0,8.25,-0.0,-0.000262
Mery_sk_cn_preview_05_hair_02,0.18346677,0.61562297,0.76638652,-0.8324871,0.51191355,-0.2119192,-0.52278597,-0.59912676,0.60641731,-7.36585624,160.84035006,4.92589267
Mery_sk_cn_preview_05_hair_03,-0.04089717,0.28235345,0.95843829,-0.93383712,0.33035289,-0.13716853,-0.35535287,-0.90063505,0.25016163,-8.53899958,159.49589629,6.28670659
Mery_skin_rg_dw_eyelid02,0.99192489,0.0,-0.12682671,0.00797066,0.99802318,0.06233933,0.12657599,-0.06284682,0.98996404,0.0,-0.0,-0.0
Mery_skin_rg_dw_eyelid03,0.99921347,0.0,0.03965404,-0.00393419,0.99506623,0.09913481,-0.03945839,-0.09921284,0.99428358,0.0,-0.0,-0.0
Mery_skin_rg_dw_eyelid01,0.99924919,0.0,-0.0387434,0.00294945,0.99709806,0.07607075,0.03863097,-0.07612791,0.99634943,0.0,-0.0,-0.0
Mery_skin_lf_lowleg_twist5,1.0,0.0,0.0,0.0,1.0,0.0,-0.0,0.0,1.0,8.29103619,0.0,0.0
Mery_skin_lf_hand,1.0,0.0,0.0,0.0,1.0,0.0,0.0,0.0,1.0,56.14982781,128.51411507,-2.97741221
Mery_sk_lf_thumbEnd,1.0,-0.0,0.0,0.0,1.0,0.0,0.0,0.0,1.0,4.05581171,0.0,0.0
Mery_skin_lf_lowleg_twist4,1.0,0.0,-0.0,-0.0,1.0,0.0,-0.0,0.0,1.0,8.29103619,0.0,0.0
Mery_sk_cn_preview_10_hair_End,1.0,-0.0,0.0,-0.0,1.0,-0.0,-0.0,0.0,1.0,-0.0,-2.34233717,-0.0
Mery_skin_cn_back1,1.0,0.0,0.0,0.0,1.0,0.0,0.0,0.0,1.0,0.0,89.36065672,2.9243227
Mery_skin_cn_neck3,1.0,0.0,0.0,-0.0,1.0,0.0,0.0,0.0,1.0,2.44048589,0.0,0.0
Mery_skin_lf_bracelet01,1.0,0.0,-4.8e-07,-0.0,1.0,-0.0,4.8e-07,0.0,1.0,57.10758316,127.65361023,-2.90471628
Mery_skin_lf_bracelet02,1.0,0.0,-4.8e-07,-0.0,1.0,0.0,4.8e-07,-0.0,1.0,55.58942131,127.82406616,-3.05504163
Mery_skin_lf_bracelet03,1.0,-0.0,-4.8e-07,0.0,1.0,0.0,4.8e-07,-0.0,1.0,54.40056896,127.82406616,-3.14325955
Mery_sk_lf_armEnd,1.0,0.0,0.0,0.0,1.0,0.0,-0.0,-0.0,1.0,22.00125504,0.0,0.000131
Mery_sk_rg_lowleg,1.0,4.94e-06,-1.017e-05,-4.94e-06,1.0,0.0,1.017e-05,-0.0,1.0,37.18333306,-0.0,0.0
Mery_sk_cn_jawEnd,0.0,-0.0,-1.0,-0.25328032,0.96739293,-0.0,0.96739293,0.25328032,0.0,10.8814644,-0.0,-0.0
Mery_skin_rg_pinky_base,0.85926563,0.0,0.26769859,0.0,-0.89999998,-0.0,0.26769859,0.0,-0.85926563,-58.28865446,128.1237572,-4.41869155
Mery_sk_cn_preview_09_hair_02,0.99564794,0.09186575,0.01567993,-0.06841043,0.60619333,0.79236964,0.06328656,-0.78999388,0.60983972,-1.40171645,160.08883055,-16.04745088
Mery_skin_lf_lowleg_twist1,9e-08,-1.0,-4.9e-06,1.0,9e-08,-4.94e-06,4.94e-06,-4.9e-06,1.0,7.98403585,48.29025064,0.88694663
Mery_sk_lf_upleg_nonroll,-1.1e-07,-1.0,5.47e-06,1.0,-1.1e-07,5.47e-06,-5.47e-06,5.47e-06,1.0,7.98403976,85.4735837,0.88674332
Mery_sk_cn_preview_04_hair_02,0.94211245,0.06866995,-0.32818985,0.15615644,0.77631077,0.61070186,0.29671418,-0.62659878,0.72064878,-6.88747168,159.2133144,6.73775494
Mery_sk_lf_pinkyEnd,1.0,-0.0,-0.0,-0.0,1.0,-0.0,0.0,-0.0,1.0,2.78127446,-0.0,0.0
Mery_skin_cn_chest,0.0,1.0,0.0,-1.0,0.0,0.0,0.0,0.0,1.0,0.0,113.33034122,2.9243227
Mery_sk_cn_preview_01_hair_End,1.0,-0.0,0.0,0.0,1.0,-0.0,-0.0,-0.0,1.0,0.0,-0.0,7.28483839
Mery_sk_cn_tongue4,0.9959038,-0.09041914,-0.0,0.09041914,0.9959038,-0.0,-0.0,0.0,1.0,2.63902118,0.0,0.0
Mery_sk_cn_preview_01_hair_04,-0.91589535,0.38261412,-0.12141725,0.40105379,0.88506957,-0.23623655,0.01707527,-0.26506281,-0.96407995,10.16871869,153.74032607,5.28768315
Mery_sk_lf_toeEnd,1.0,-0.0,-0.0,0.0,1.0,0.0,0.0,0.0,1.0,-0.0,-2.06521326,6.58776419
Mery_skin_rg_uparm_twist5,1.0,0.0,0.0,0.0,1.0,0.0,0.0,0.0,1.0,4.15122725,0.0,0.0
Mery_sk_cn_preview_01_hair_01,0.60861513,-0.38093894,-0.69604106,0.39784509,0.9054866,-0.14769325,0.68651796,-0.18702817,0.70264753,-6.24887316,160.94777509,5.25105486
Mery_sk_cn_preview_01_hair_02,-0.10899167,-0.11319505,-0.98757668,0.39784509,0.9054866,-0.14769325,0.9109556,-0.40899986,-0.0536564,-1.24770074,159.58530507,10.36972855
Mery_sk_cn_preview_01_hair_03,-0.6411949,0.15928238,-0.75066518,0.39784509,0.9054866,-0.14769325,0.65619234,-0.39334861,-0.64396311,5.38846357,156.60580716,9.97885033
Mery_sk_cn_preview_10_hair_02,0.91957759,-0.09466999,-0.38133273,0.37946486,0.46569357,0.79945977,0.10189935,-0.87986766,0.4641653,-1.63792405,160.75950912,-15.44506066
Mery_sk_cn_preview_10_hair_03,0.90788088,-0.14002435,-0.3951525,0.28277839,0.90039799,0.3306355,0.30949749,-0.41191824,0.85704998,-2.5267587,159.66869777,-17.31766499
Mery_skin_lf_up_eyelid03,0.99810501,-0.0,0.06153371,0.00710406,0.99331331,-0.11523106,-0.06112226,0.11544984,0.99143099,0.0,0.0,0.0
Mery_sk_cn_preview_10_hair_01,0.94131364,-0.06564651,-0.33108786,0.32917342,-0.03841628,0.94348771,-0.07465584,-0.99710317,-0.01455268,-0.86688892,160.66952523,-13.23509434
Mery_sk_lf_ringEnd,1.0,0.0,0.0,-0.0,1.0,-0.0,0.0,0.0,1.0,3.09899645,0.0,-0.0
Mery_sk_cn_preview_10_hair_04,0.90788088,-0.14002435,-0.3951525,0.19635901,0.97481693,0.1057123,0.37039905,-0.17356593,0.91251269,-3.18912103,157.55966208,-18.09212482
Mery_skin_rg_index02,0.98480958,-0.17363783,0.0,0.17363783,0.98480958,0.0,0.0,0.0,1.0,-4.83960876,7.8e-05,1.89e-06
Mery_skin_rg_index03,0.99049363,0.13755862,0.0,-0.13755862,0.99049363,-0.0,-0.0,0.0,1.0,-2.57629661,0.00625112,-0.00010479
Mery_skin_rg_index01,0.99649908,-0.00576551,-0.08340467,0.02148088,0.9817843,0.1887807,0.08079698,-0.1899114,0.97847101,-6.02534404,-6.592e-05,-8.81e-06
Mery_sk_cn_preview_02_hair_End,1.0,-0.0,-0.0,-0.0,1.0,-0.0,0.0,-0.0,1.0,0.0,-3.2292767,-0.0
Mery_skin_lf_breast,1.0,-0.0,0.0,0.0,1.0,0.0,0.0,0.0,1.0,6.7356309,118.22470193,8.27138149
Mery_sk_rg_middleEnd,1.0,-0.0,0.0,0.0,1.0,-0.0,0.0,-0.0,1.0,-3.22778644,-0.00085903,-1.195e-05
Mery_sk_rg_lowleg_twistEnd,-9e-08,1.0,4.9e-06,-1.0,-9e-08,-4.9e-06,-4.9e-06,-4.9e-06,1.0,8.29103619,-0.0,0.0
Mery_skin_rg_ring_base,0.89351263,-0.0657347,0.0855224,-0.06543564,-0.89759618,-0.00626316,0.08575143,0.0,-0.89590549,-58.46415445,128.1237572,-3.37425058
Mery_sk_rg_uparm_twistEnd,-1.0,0.0,6.31e-06,0.0,1.0,0.0,-6.31e-06,-0.0,-1.0,4.15122725,-0.0,0.0
Mery_skin_lf_dw_eyelid03,0.98628894,-0.0,0.16502764,0.00089951,0.99998514,-0.00537596,-0.16502519,0.00545069,0.98627429,-0.0,-0.0,-0.0
Mery_sk_lf_lowarm_nonrollEnd,1.0,0.0,-1.588e-05,0.0,1.0,0.0,1.588e-05,0.0,1.0,8.25,-0.0,0.0
Mery_sk_lf_lowleg_nonrollEnd,9e-08,1.0,4.9e-06,-1.0,9e-08,-4.9e-06,-4.9e-06,-4.9e-06,1.0,8.25,-0.0,-0.0
Mery_skin_lf_dw_eyelid02,0.99992104,-0.0,0.01256625,0.00087045,0.99759801,-0.06926363,-0.01253607,0.0692691,0.99751924,-0.0,-0.0,-0.0
Mery_skin_rg_up_eyelid03,0.99547474,-0.0,0.09502653,0.015316,0.98692567,-0.16044671,-0.09378412,0.16117607,0.98245957,0.0,0.0,0.0
Mery_sk_dw_rg_lip01,0.99246557,0.11915069,0.02855169,-0.11863288,0.99275259,-0.01919702,-0.0306321,0.01566522,0.99940796,-0.39168959,141.82825144,12.59917294
Mery_sk_lf_legEnd,9e-08,1.0,-5.47e-06,-1.0,9e-08,-4.9e-06,-4.9e-06,5.47e-06,1.0,41.45518093,0.0,-0.0
Mery_sk_dw_rg_lip03,0.99532576,0.09387364,0.02267963,-0.0935524,0.99550383,-0.01483512,-0.02397028,0.01264404,0.99963271,-1.68938226,142.21336733,12.30089961
Mery_sk_dw_rg_lip02,0.99370766,0.10890154,0.0261828,-0.1084691,0.99394736,-0.0174095,-0.02792025,0.01445993,0.99950556,-1.03323041,142.00781474,12.49372223
Mery_sk_dw_rg_lip05,0.9969134,0.0762896,0.01853577,-0.07607747,0.99703098,-0.01189295,-0.01938805,0.01044609,0.99975746,-2.67262719,142.44403941,11.66488268
Mery_sk_dw_rg_lip04,0.99604511,0.08635262,0.02091313,-0.08608082,0.99619577,-0.01356746,-0.02200516,0.01171358,0.99968923,-2.2534109,142.3668618,12.00489712
Mery_sk_dw_rg_lip07,0.99711072,0.07381119,0.01794783,-0.07361262,0.99722078,-0.01148433,-0.01874562,0.01012996,0.99977297,-3.13741559,142.37448553,11.02782827
Mery_sk_dw_rg_lip06,0.99711072,0.07381119,0.01794783,-0.07361262,0.99722078,-0.01148433,-0.01874562,0.01012996,0.99977297,-2.98926638,142.43495692,11.29920632
Mery_skin_cn_nose,1.0,0.0,0.0,-0.0,0.97924758,-0.20266766,-0.0,0.20266766,0.97924758,-0.0,145.62914127,12.10392351
Mery_sk_dw_rg_lip08,0.99711072,0.07381119,0.01794783,-0.07361262,0.99722078,-0.01148433,-0.01874562,0.01012996,0.99977297,-3.2112603,142.29150271,10.8975319
Mery_sk_lf_lowarm_nonroll,1.0,0.0,1.588e-05,0.0,1.0,0.0,-1.588e-05,0.0,1.0,56.14982781,128.51411507,-2.97741221
Mery_skin_lf_pinky_base,0.85926563,0.0,-0.26769859,0.0,0.89999998,0.0,0.26769859,0.0,0.85926563,58.28864181,128.12388995,-4.41865747
Mery_sk_cn_preview_08_hair_01,-0.63577869,-0.29265809,-0.71423855,-0.31444503,0.9432712,-0.10660094,0.70491828,0.15681415,-0.69173661,-5.776038,163.61171546,3.24312415
Mery_sk_cn_preview_08_hair_03,-0.12961603,-0.83324947,-0.53748954,-0.58961581,0.50058507,-0.63385155,0.79721571,0.234755,-0.55618091,-10.67553005,160.07197004,-2.81793966
Mery_sk_cn_preview_08_hair_02,-0.49829571,-0.52667882,-0.68870226,-0.41754311,0.84193717,-0.3417595,0.75984152,0.11726559,-0.63944479,-8.52276488,162.34735753,0.15743059
Mery_sk_up_lf_lip04,0.99790736,0.06281678,0.01532814,-0.06267296,0.99798708,-0.0096897,-0.01590596,0.00870877,0.99983557,1.72767283,141.83504214,12.27563145
Mery_skin_cn_back5,1.0,0.0,0.0,0.0,1.0,0.0,0.0,0.0,1.0,3.42424064,0.0,0.0
Mery_sk_rg_cornerlip_control,0.96679057,-0.25322406,-0.03454802,0.25330199,0.96738481,-0.00217469,0.03397192,-0.00664861,0.99940067,-3.37283796,142.20459325,10.48793841
Mery_sk_rg_arm_control1,-1.0,0.0,6.31e-06,0.0,1.0,0.0,-6.31e-06,0.0,-1.0,-0.0,-0.0,-0.0
Mery_sk_rg_arm_control2,1.0,0.0,0.0,0.0,1.0,0.0,-0.0,0.0,1.0,-20.31114862,128.51411507,-2.97745544
Mery_sk_rg_arm_control3,1.0,0.0,0.0,0.0,1.0,0.0,-0.0,0.0,1.0,-27.2298607,128.51411507,-2.97749911
Mery_sk_rg_arm_control4,1.0,0.0,0.0,0.0,1.0,0.0,0.0,0.0,1.0,-34.14857277,128.51411507,-2.97754278
Mery_sk_rg_arm_control5,1.0,0.0,0.0,0.0,1.0,0.0,0.0,0.0,1.0,-41.48232445,128.51411507,-2.97750962
Mery_sk_rg_arm_control6,1.0,0.0,0.0,0.0,1.0,0.0,0.0,0.0,1.0,-48.81607613,128.51411507,-2.97747647
Mery_sk_rg_arm_control7,1.0,0.0,-4e-08,-0.0,1.0,0.0,4e-08,0.0,1.0,-0.0,0.0,0.0
Mery_sk_rg_lowarm_twistEnd,-1.30452808,0.0,4.56e-06,0.0,1.0,0.0,-5.95e-06,0.0,-1.0,5.74025062,-0.0,-0.000262
Mery_sk_rg_legEnd,-9e-08,1.0,-5.47e-06,-1.0,-9e-08,-4.9e-06,-4.9e-06,5.47e-06,1.0,41.45518093,-0.0,-0.0
Mery_sk_lf_indexEnd,1.0,0.0,-0.0,-0.0,1.0,-0.0,-0.0,-0.0,1.0,2.73606311,-0.0,-0.0
Mery_sk_rg_lowleg_nonrollEnd,-9e-08,1.0,4.9e-06,-1.0,-9e-08,-4.9e-06,-4.9e-06,-4.9e-06,1.0,8.25,-0.0,0.0
Mery_skin_rg_middle01,0.99749274,-0.0,-0.07076884,0.0,1.0,0.0,0.07076884,-0.0,0.99749274,-5.85070829,-0.00018517,1.7e-06
Mery_skin_rg_middle02,0.97485799,-0.22282705,0.0,0.22282705,0.97485799,-0.0,-0.0,0.0,1.0,-6.13384603,1.271e-05,-4.12e-06
Mery_skin_rg_middle03,0.9894351,0.14497648,0.0,-0.14497648,0.9894351,0.0,0.0,0.0,1.0,-3.07242457,0.00068796,9.6e-06
Mery_sk_lf_lowleg_aux01,9e-08,-1.0,-4.9e-06,1.0,9e-08,-4.94e-06,4.94e-06,-4.9e-06,1.0,7.98403967,6.83506971,0.88674332
Mery_sk_lf_lowleg_aux02,1.0,-0.0,0.0,0.0,1.0,-0.0,0.0,0.0,1.0,4.125,0.0,-0.0
Mery_skin_lf_up_eyelid,0.97907207,-0.18338945,0.08823941,0.20107196,0.93863525,-0.28023908,-0.03143173,0.29211672,0.95586603,4.214,149.945,4.762
Mery_skin_cn_jaw,0.00019542,-0.23223746,0.9726591,-0.1514826,0.96142768,0.22958622,-0.9884599,-0.1473858,-0.03499206,0.0,144.83665171,1.65738727
Mery_sk_cn_preview_07_hair_03,0.98424133,0.17627023,0.01406436,-0.1761105,0.98429853,-0.01189518,-0.0159403,0.00923085,0.99983033,-10.19226081,147.75700768,-0.35917233
Mery_skin_cn_head,0.0,1.0,0.0,-1.0,0.0,0.0,0.0,0.0,1.0,0.0,142.93243954,-1.14374221
Mery_sk_rg_upleg_twistEnd,1.1e-07,1.0,-5.47e-06,-1.0,1.1e-07,5.47e-06,5.47e-06,5.47e-06,1.0,7.43666661,-0.0,0.0
Mery_skin_rg_middle_base,0.8925874,-0.10149786,-0.05464307,-0.1013082,-0.89425843,0.00620196,-0.0549939,-0.0,-0.89831822,-58.60608445,128.1237572,-2.20897561
Mery_sk_rg_lowleg_aux01,-9e-08,-1.0,-4.9e-06,1.0,-9e-08,-4.85e-06,4.85e-06,-4.9e-06,1.0,-7.98403967,6.83506971,0.88674332
Mery_skin_lf_ring_base,0.89351263,0.0657347,-0.0855224,-0.06543564,0.89759618,0.00626316,0.08575143,-0.0,0.89590549,58.46414369,128.12388995,-3.3742192
Mery_skin_rg_up_eyelid01,0.99669222,-0.0,0.08126881,0.01424146,0.98452593,-0.17465929,-0.08001125,0.17523894,0.98126934,0.0,0.0,0.0
Mery_sk_cn_preview_03_hair_End,1.0,0.0,0.0,-0.0,1.0,-0.0,0.0,0.0,1.0,-0.0,0.0,3.96600525
Mery_sk_rg_uparm_nonrollEnd,-1.0,0.0,6.31e-06,-0.0,1.0,0.0,-6.31e-06,0.0,-1.0,20.75613623,-0.0,0.0
Mery_sk_lf_clavicleEnd,1.0,0.0,0.0,0.0,1.0,0.0,0.0,0.0,1.0,11.46163754,1.38461591,-4.61898337
Mery_sk_lf_cornerlip_control,0.96679057,-0.25322406,-0.03454802,0.25330199,0.96738481,-0.00217469,0.03397192,-0.00664861,0.99940067,3.49247119,140.58250727,9.98479326
Mery_sk_lf_lowarm_twistEnd,1.30452808,-0.0,0.0,0.0,1.0,-0.0,0.0,-0.0,1.0,5.74025062,-0.0,0.000131
Mery_skin_rg_pinky01,0.99738107,0.07121887,-0.01260438,-0.07183798,0.99569993,-0.05848896,0.00838466,0.05924125,0.99820848,-5.58288674,0.0,1.055e-05
Mery_skin_lf_toe,1.0,0.0,0.0,0.0,1.0,0.0,0.0,0.0,1.0,1e-07,-4.76985646,14.89500855
Mery_sk_dw_rg_lip02_control,0.96679057,-0.25322406,-0.03454802,0.25330199,0.96738481,-0.00217469,0.03397192,-0.00664861,0.99940067,-3.13704717,142.69195904,11.1805011
Mery_sk_dw_teeth,0.0,-0.0,-1.0,-0.25328032,0.96739293,-0.0,0.96739293,0.25328032,0.0,9.95250714,-1.14309352,0.0
Mery_sk_rg_uparm,-1.0,0.0,-6.31e-06,0.0,1.0,0.0,6.31e-06,0.0,-1.0,-13.39243654,128.51411507,-2.97741178
Mery_sk_rg_lowleg_aux02,1.0,-0.0,0.0,0.0,1.0,-0.0,0.0,0.0,1.0,4.125,0.0,0.0
Mery_skin_rg_ring03,0.99380212,0.1111636,0.0,-0.1111636,0.99380212,0.0,0.0,0.0,1.0,-2.69148686,-2.618e-05,9.32e-06
Mery_skin_rg_ring02,0.98879826,-0.14925819,0.0,0.14925819,0.98879826,2e-08,-0.0,-2e-08,1.0,-5.44681016,0.00025412,3.594e-05
Mery_skin_rg_ring01,0.99596705,0.01841458,-0.08780969,-0.02932196,0.99177439,-0.12459443,0.08479305,0.1266667,0.98831457,-5.7332955,-0.00024903,0.00368273
Mery_skin_lf_ear,1.0,0.0,0.0,0.0,1.0,0.0,0.0,0.0,1.0,9.2687786,147.7473862,-2.01706348
Mery_skin_lf_index01,0.99649908,-0.00576551,-0.08340467,0.02148088,0.9817843,0.1887807,0.08079698,-0.1899114,0.97847101,6.02537403,-0.0,0.0
Mery_skin_lf_lowarm_twist3,1.0,0.0,3.38e-06,0.0,1.0,0.0,-5.74e-06,0.0,1.0,5.74025062,-0.0,0.0
Mery_sk_up_lf_lip08,0.99711072,0.07381119,0.01794783,-0.07361262,0.99722078,-0.01148433,-0.01874562,0.01012996,0.99977297,3.17136095,141.25707662,10.8370518
Mery_skin_lf_index02,0.98480958,-0.17363783,0.0,0.17363783,0.98480958,0.0,0.0,0.0,1.0,4.8395333,0.0,-0.0
Mery_sk_up_rg_lip07,0.99711072,0.07381119,0.01794783,-0.07361262,0.99722078,-0.01148433,-0.01874562,0.01012996,0.99977297,-2.7214081,142.49238883,11.37643776
Mery_sk_rg_clavicleEnd,1.0,0.0,0.0,0.0,1.0,0.0,0.0,0.0,1.0,-11.4616,1.385,-4.61898
Mery_skin_rg_uparm_twist2,1.0,-0.0,-0.0,0.0,1.0,0.0,0.0,0.0,1.0,4.15122725,-0.0,0.0
Mery_skin_rg_uparm_twist3,1.0,0.0,0.0,0.0,1.0,0.0,0.0,0.0,1.0,4.15122725,0.0,0.0
Mery_sk_up_lf_lip01,0.99934561,0.03512261,0.008646,-0.03507764,0.99937054,-0.00529952,-0.00882669,0.00499277,0.99994858,0.30152424,142.03750231,12.77299713
Mery_sk_up_lf_lip06,0.9972016,0.07264112,0.01766993,-0.0724488,0.99730821,-0.01129194,-0.01844262,0.00998018,0.99978011,2.58865309,141.6152337,11.54747669
Mery_skin_cn_back3,1.0,0.0,0.0,-0.0,1.0,-0.0,0.0,0.0,1.0,3.42424064,0.0,0.0
Mery_skin_rg_uparm_twist4,1.0,-0.0,0.0,0.0,1.0,0.0,0.0,-0.0,1.0,4.15122725,0.0,0.0
Mery_sk_dw_lf_lip07,0.99711072,0.07381119,0.01794783,-0.07361262,0.99722078,-0.01148433,-0.01874562,0.01012996,0.99977297,2.77953246,141.103708,10.97897932
Mery_skin_lf_up_eyelid01,0.97788229,-0.0,-0.209156,0.01465384,0.99754265,0.06851219,0.20864203,-0.07006179,0.97547929,0.0,0.0,0.0
Mery_skin_lf_upleg_twist2,1.0,-0.0,-0.0,0.0,1.0,-0.0,0.0,-0.0,1.0,7.43666661,0.0,-0.0
Mery_skin_lf_pinky02,0.98207647,-0.18848292,0.0,0.18848292,0.98207647,0.0,-0.0,-0.0,1.0,3.78993051,0.0,0.0
Mery_skin_lf_up_eyelid02,0.98620237,-0.0,-0.16554422,0.03401484,0.97866281,0.20263782,0.16201197,-0.20547286,0.96515959,0.0,0.0,0.0
Mery_sk_cn_preview_04_hair_01,0.9827202,-0.18431662,-0.01698228,0.15615644,0.77631077,0.61070186,-0.09937898,-0.60280094,0.7916785,-6.63883938,160.72143802,4.75708611
Mery_sk_lf_leg_control7,1.0,-1.53e-06,5.79e-06,1.53e-06,1.0,-9e-07,-5.79e-06,9e-07,1.0,0.0,-0.0,0.0
Mery_sk_cn_preview_04_hair_03,0.81895533,0.24389978,-0.51944688,0.15615644,0.77631077,0.61070186,0.55220225,-0.58125252,0.59767732,-6.14513432,157.64565192,8.54071736
Mery_skin_lf_pinky03,0.98612052,0.16603107,0.0,-0.16603107,0.98612052,-0.0,0.0,-0.0,1.0,2.36930713,0.0,0.0
Mery_sk_cn_preview_04_hair_04,0.6131671,0.40419152,-0.67871594,0.20479004,0.74847721,0.6307479,0.76294636,-0.52574812,0.3761672,-4.76360154,156.19143945,10.0360224
Mery_sk_lf_leg_control6,1.0,0.0,-4e-08,0.0,1.0,0.0,4e-08,0.0,1.0,7.9840384,20.65346336,0.88681108
Mery_sk_cn_preview_06_hair_01,0.9979271,-0.06435454,0.0,0.06435454,0.9979271,0.0,0.0,0.0,1.0,-9.99442327,156.29244677,1.57925348
Mery_skin_rg_lowarm_twist1,-0.76656073,0.0,-9.99e-06,0.0,1.0,0.0,1.304e-05,0.0,-1.0,-34.14857277,128.51411507,-2.97754278
Mery_skin_rg_lowarm_twist2,1.0,0.0,2.81e-06,0.0,1.0,0.0,-4.78e-06,0.0,1.0,5.74025062,0.0,0.0
Mery_sk_cn_preview_08_hair_End,-1.0,0.0,-0.0,-0.0,1.0,0.0,-0.0,0.0,-1.0,4.32025628,0.0,-0.0
Mery_skin_rg_lowarm_twist4,1.0,-0.0,-1.631e-05,0.0,1.0,0.0,2.776e-05,0.0,1.0,5.74025062,-0.0,-0.0
Mery_skin_rg_lowarm_twist5,1.0,-0.0,1.977e-05,-0.0,1.0,-0.0,-3.365e-05,0.0,1.0,5.74025062,-0.0,0.0
Mery_skin_lf_upleg_twist1,-1.1e-07,-1.0,5.47e-06,1.0,-1.1e-07,5.47e-06,-5.47e-06,5.47e-06,1.0,7.98403976,85.4735837,0.88674332
Mery_sk_lf_leg_control4,1.0,0.0,-4e-08,0.0,1.0,0.0,4e-08,0.0,1.0,7.98403585,48.29025064,0.88694663
Mery_skin_cn_back7,1.0,0.0,0.0,0.0,1.0,0.0,0.0,0.0,1.0,3.42424064,0.0,0.0
Mery_sk_lf_middleEnd,1.0,0.0,-0.0,0.0,1.0,-0.0,0.0,0.0,1.0,3.22773396,0.0,0.0
Mery_skin_lf_lowarm_twist1,0.76656073,0.0,-2.2e-06,0.0,1.0,0.0,2.87e-06,0.0,1.0,34.14857277,128.51411507,-2.97754278
Mery_skin_lf_lowleg_twist2,1.0,-0.0,-0.0,0.0,1.0,-0.0,0.0,0.0,1.0,8.29103619,0.0,-0.0
Mery_skin_lf_lowarm_twist5,1.0,0.0,-9.89e-06,0.0,1.0,0.0,1.682e-05,0.0,1.0,5.74025062,0.0,0.0
Mery_skin_lf_lowarm_twist4,1.0,-0.0,8.16e-06,0.0,1.0,0.0,-1.388e-05,0.0,1.0,5.74025062,-0.0,0.0
Mery_sk_rg_toeEnd,1.0,0.0,0.0,0.0,1.0,0.0,0.0,0.0,1.0,0.0,-2.06521326,6.58776419
Mery_skin_rg_lowleg_twist2,1.0,0.0,-0.0,-0.0,1.0,0.0,0.0,-0.0,1.0,8.29103619,0.0,0.0
Mery_skin_rg_lowleg_twist3,1.0,0.0,-0.0,0.0,1.0,0.0,0.0,0.0,1.0,8.29103619,-0.0,-0.0
Mery_skin_rg_lowleg_twist1,-9e-08,-1.0,-4.9e-06,1.0,-9e-08,-4.85e-06,4.85e-06,-4.9e-06,1.0,-7.98403585,48.29025064,0.88694663
Mery_skin_rg_lowleg_twist4,1.0,-0.0,0.0,-0.0,1.0,0.0,0.0,0.0,1.0,8.29103619,-0.0,0.0
Mery_skin_rg_lowleg_twist5,1.0,-0.0,0.0,-0.0,1.0,-0.0,0.0,-0.0,1.0,8.29103619,-0.0,0.0
Mery_skin_cn_neck1,1.0,0.0,0.0,0.0,1.0,0.0,0.0,0.0,1.0,0.0,133.36243954,-3.07004487
Mery_sk_up_rg_lip02_control,0.96679057,-0.25322406,-0.03454802,0.25330199,0.96738481,-0.00217469,0.03397192,-0.00664861,0.99940067,-2.40516457,142.85497479,11.74726798
Mery_skin_rg_breast,1.0,-0.0,0.0,0.0,1.0,0.0,0.0,0.0,1.0,-6.736,118.22470193,8.27138149
Mery_skin_cn_neck2,1.0,0.0,0.0,-0.0,1.0,0.0,0.0,0.0,1.0,2.44048589,0.0,0.0
Mery_skin_cn_neck4,1.0,0.0,0.0,-0.0,1.0,0.0,0.0,0.0,1.0,2.44048589,0.0,0.0
Mery_skin_rg_clavicle,1.0,0.0,0.0,0.0,1.0,0.0,0.0,0.0,1.0,-1.9308,127.129,1.64157
Mery_sk_cn_preview_07_hair_02,0.99806426,0.06026554,0.01535574,-0.06174399,0.98976315,0.12867239,-0.00744404,-0.12937144,0.99156826,-10.3937094,150.98625157,0.06063975
Mery_sk_up_cn_lip,0.99947848,0.03135366,0.00772739,-0.03131781,0.99949835,-0.00471647,-0.00787139,0.004472,0.99995902,-0.02789697,142.10505558,12.77432921
Mery_sk_cn_preview_07_hair_01,0.99765624,-0.06841031,-0.00143585,0.06842537,0.99743656,0.02093505,0.0,-0.02098423,0.99977981,-10.17046183,154.24053105,0.12894333
Mery_skin_rg_toe,1.0,0.0,0.0,0.0,1.0,0.0,0.0,0.0,1.0,-1e-07,-4.76985646,14.89500855
Mery_skin_cn_back4,1.0,0.0,0.0,0.0,1.0,-0.0,0.0,0.0,1.0,3.42424064,0.0,0.0
Mery_sk_cn_preview_06_hair_End,1.0,0.0,0.0,-0.0,1.0,-0.0,-0.0,-0.0,1.0,-0.0,-4.47877589,0.0
Mery_sk_rg_pinkyEnd,1.0,-0.0,-0.0,0.0,1.0,-0.0,0.0,0.0,1.0,-2.78129947,-0.00014318,-1.717e-05
Mery_sk_lf_uparm,1.0,0.0,-9e-08,0.0,1.0,0.0,9e-08,0.0,1.0,13.39243654,128.51411507,-2.97741178
Mery_skin_rg_thumb02,0.93526369,0.01285756,0.35371813,-0.09489381,0.97186418,0.21558104,-0.34099414,-0.23519078,0.91016938,-3.78217916,-0.00023003,-0.26470586
Mery_sk_rg_lowarm_nonroll,-1.0,-0.0,1.588e-05,0.0,1.0,0.0,-1.588e-05,0.0,-1.0,-56.14982781,128.51411507,-2.97744207
Mery_skin_lf_lowarm_twist2,1.0,-0.0,-1.4e-06,0.0,1.0,0.0,2.39e-06,-0.0,1.0,5.74025062,-0.0,0.0
Mery_sk_cn_neckEnd,0.0,0.0,-1.0,0.98033757,0.19732778,0.0,0.19732778,-0.98033757,0.0,2.44048589,0.0,0.0
Mery_skin_lf_upleg_twist3,1.0,0.0,-0.0,-0.0,1.0,0.0,0.0,0.0,1.0,7.43666661,-0.0,0.0
Mery_sk_rg_uparm_nonroll,-1.0,0.0,-6.31e-06,0.0,1.0,0.0,6.31e-06,0.0,-1.0,-13.39243654,128.51411507,-2.97741178
Mery_sk_cn_preview_06_hair_03,0.98011119,0.19816483,-0.01061882,-0.1984158,0.97756201,-0.07073676,-0.00363699,0.07143683,0.9974385,-10.05492474,147.34997233,1.57925348
Mery_sk_cn_preview_07_hair_End,1.0,-0.0,-0.0,0.0,1.0,0.0,0.0,0.0,1.0,-0.0,-3.26264307,0.0
Mery_sk_cn_preview_09_hair_04,0.99997179,-0.00272776,-0.00699804,0.00252886,0.99959701,-0.02827418,0.00707234,0.02825568,0.99957571,-1.20187842,155.1692412,-19.2422419
Mery_sk_rg_cornerlip,0.99711072,0.07381119,0.01794783,-0.07361262,0.99722078,-0.01148433,-0.01874562,0.01012996,0.99977297,-3.15248513,142.26378035,10.90140137
Mery_skin_rg_hand,-1.0,0.0,-4.56e-06,0.0,1.0,0.0,4.56e-06,0.0,-1.0,-56.14982781,128.51411507,-2.97744207
Mery_sk_rg_lowarm_aux02,1.0,0.0,0.0,0.0,1.0,0.0,0.0,0.0,1.0,4.125,0.0,0.0
Mery_sk_rg_lowarm_aux01,-1.0,-0.0,1.588e-05,0.0,1.0,0.0,-1.588e-05,0.0,-1.0,-56.14982781,128.51411507,-2.97744207
Mery_sk_cn_preview_09_hair_03,0.99997179,-0.00272776,-0.00699804,0.0042823,0.97250551,0.2328405,0.0061705,-0.2328639,0.97248976,-1.18853377,158.19979245,-18.51665726
Mery_skin_lf_uparm_twist3,1.0,0.0,-4.67e-06,-0.0,1.0,-2.81e-06,4.67e-06,2.81e-06,1.0,4.15122725,0.0,0.0
Mery_skin_lf_uparm_twist2,1.0,-0.0,1.94e-06,-0.0,1.0,5.81e-06,-1.94e-06,-5.81e-06,1.0,4.15122725,0.0,0.0
Mery_skin_lf_uparm_twist1,1.0,0.0,3.02e-06,0.0,1.0,-3.02e-06,-3.02e-06,3.02e-06,1.0,13.39243654,128.51411507,-2.97741178
Mery_skin_lf_dw_eyelid,0.99550196,0.01463392,0.0936039,-0.01476048,0.99989084,0.00065984,-0.09358402,-0.00203851,0.9956093,4.214,149.945,4.762
Mery_skin_lf_dw_eyelid01,0.9999995,-0.0,0.00100426,-2.363e-05,0.99972308,0.02353213,-0.00100398,-0.02353214,0.99972258,-0.0,-0.0,-0.0
Mery_skin_lf_uparm_twist5,1.0,-0.0,1.367e-05,0.0,1.0,-1.129e-05,-1.367e-05,1.129e-05,1.0,4.15122725,0.0,0.0
Mery_skin_lf_uparm_twist4,1.0,0.0,-1.128e-05,0.0,1.0,1.098e-05,1.128e-05,-1.098e-05,1.0,4.15122725,0.0,-0.0
Mery_skin_lf_index_base,0.87183831,0.06212771,0.21456485,-0.06032759,0.89785305,-0.014847,-0.21507791,0.0,0.87392302,58.52517914,128.12388995,-1.18907085
Mery_sk_rg_eye,0.0,-1.0,-0.0,1.0,0.0,-0.0,0.0,0.0,1.0,7.01256046,4.214,5.90574221
Mery_skin_rg_up_eyelid,0.98697221,0.05417158,0.15149685,-0.03519633,0.991502,-0.12523976,-0.15699386,0.11827603,0.98049156,-4.214,149.945,4.762
Mery_skin_rg_pinky03,0.98612052,0.16603107,-0.0,-0.16603107,0.98612052,0.0,0.0,-0.0,1.0,-2.36933125,5.885e-05,2.98e-06
Mery_skin_rg_pinky02,0.98207647,-0.18848292,0.0,0.18848292,0.98207647,-0.0,0.0,0.0,1.0,-3.7899245,-8.594e-05,-4.55e-06
Mery_skin_rg_thumb03,0.97169906,0.23622222,0.0,-0.23622222,0.97169906,-0.0,0.0,0.0,1.0,-2.10021655,0.00028448,-0.00020071
Mery_sk_lf_eye,0.0,-1.0,-0.0,1.0,0.0,-0.0,0.0,0.0,1.0,7.01256046,-4.214,5.90574221
Mery_sk_up_rg_lip01,0.99934244,0.03520761,0.00866669,-0.03516242,0.99936749,-0.00531271,-0.00884825,0.00500447,0.99994833,-0.34347076,142.18957395,12.79712507
Mery_sk_up_rg_lip03,0.99829798,0.05665075,0.0138507,-0.05653378,0.99836281,-0.0086961,-0.01432067,0.00789826,0.99986626,-1.16197996,142.43278279,12.64633761
Mery_sk_up_rg_lip02,0.99894108,0.04468175,0.01096593,-0.04460897,0.99898142,-0.00679379,-0.01125832,0.00629742,0.99991679,-0.67697281,142.28949832,12.80376966
Mery_sk_up_rg_lip05,0.99753065,0.06823713,0.01662203,-0.06806742,0.99762472,-0.01057079,-0.01730386,0.00941327,0.99980596,-2.00022255,142.61551877,12.13974086
Mery_sk_up_rg_lip04,0.99786316,0.06347679,0.01548594,-0.06332994,0.99794456,-0.00979661,-0.01607597,0.00879495,0.99983209,-1.61492683,142.55287436,12.40990119
Mery_sk_cn_preview_06_hair_02,0.9987065,0.05084605,0.0,-0.05084605,0.9987065,0.0,0.0,0.0,1.0,-10.28265282,151.82295494,1.57925348
Mery_sk_up_rg_lip06,0.99716738,0.07308394,0.01777513,-0.07288927,0.99727529,-0.01136471,-0.01855727,0.0100369,0.99977742,-2.39608319,142.59957919,11.76932118
Mery_sk_up_teeth,1.0,0.0,0.0,0.0,1.0,0.0,0.0,0.0,1.0,-0.0,142.82220057,11.19548123
Mery_sk_cn_head_lattice_root,1.0,0.0,0.0,0.0,1.0,0.0,0.0,0.0,1.0,30.0,147.40329067,0.0
Mery_sk_rg_lowleg_nonroll,-9e-08,-1.0,-4.9e-06,1.0,-9e-08,-4.85e-06,4.85e-06,-4.9e-06,1.0,-7.98403967,6.83506971,0.88674332
Mery_sk_up_lf_lip02_control,0.96679057,-0.25322406,-0.03454802,0.25330199,0.96738481,-0.00217469,0.03397192,-0.00664861,0.99940067,2.59737781,141.41965779,11.42595916
Mery_sk_up_lf_lip01_control,0.96679057,-0.25322406,-0.03454802,0.25330199,0.96738481,-0.00217469,0.03397192,-0.00664861,0.99940067,1.14964938,141.77108112,12.42983766
Mery_skin_rg_upleg_twist1,1.1e-07,-1.0,5.47e-06,1.0,1.1e-07,5.47e-06,-5.47e-06,5.47e-06,1.0,-7.98403976,85.4735837,0.88674332
Mery_skin_rg_upleg_twist2,1.0,0.0,0.0,0.0,1.0,-0.0,-0.0,0.0,1.0,7.43666661,0.0,0.0
Mery_skin_rg_upleg_twist3,1.0,-0.0,0.0,0.0,1.0,0.0,-0.0,0.0,1.0,7.43666661,0.0,-0.0
Mery_skin_rg_upleg_twist4,1.0,0.0,0.0,0.0,1.0,-0.0,-0.0,-0.0,1.0,7.43666661,-0.0,0.0
Mery_skin_rg_upleg_twist5,1.0,-0.0,-0.0,0.0,1.0,-0.0,-0.0,0.0,1.0,7.43666661,-0.0,0.0
Mery_skin_rg_index_base,0.87183831,-0.06212771,-0.21456485,-0.06032759,-0.89785305,0.014847,-0.21507791,-0.0,-0.87392302,-58.52517445,128.1237572,-1.18910104
Mery_skin_lf_thumb01,0.65529011,-0.20504219,0.58185267,-0.1999451,0.73243172,0.48328634,-0.58362385,-0.48114595,0.48773121,57.5611012,127.90560636,-0.65491969
Mery_sk_cn_preview_06_hair_04,0.93223354,0.35879907,-0.04694533,-0.36042657,0.90917566,-0.2085481,-0.03214531,0.21133588,0.97688476,-9.16626483,142.97169117,1.89606756
Mery_skin_lf_thumb03,0.97169906,0.23622222,0.0,-0.23622222,0.97169906,-0.0,-0.0,0.0,1.0,2.10004851,-0.0,0.0
Mery_skin_lf_thumb02,0.93526369,0.01285756,0.35371813,-0.09489381,0.97186418,0.21558104,-0.34099414,-0.23519078,0.91016938,3.78226528,0.0,0.26484011
Mery_sk_lf_lowleg,1.0,3.43e-06,-1.228e-05,-3.43e-06,1.0,0.0,1.228e-05,0.0,1.0,37.18333306,-0.0,0.0
Mery_sk_rg_upleg_nonroll,1.1e-07,-1.0,5.47e-06,1.0,1.1e-07,5.47e-06,-5.47e-06,5.47e-06,1.0,-7.98403976,85.4735837,0.88674332
